---
maxVel: 30.0
maxAccel: 40.0
maxAngVel: 6.283185307179586
maxAngAccel: 6.283185307179586
robotLength: 18.0
robotWidth: 18.0
driveType: "MECANUM"
trackWidth: 18.0
lateralMultiplier: 1.0
