---
startPose:
  x: -20.0
  y: 20.0
  heading: 1.3962634015954636
startTangent: 1.2217304763960306
waypoints:
- position:
    x: 40.0
    y: 40.0
  heading: 0.0
  tangent: 0.0
  interpolationType: "TANGENT"
resolution: 0.25
version: 1
